   0.10000
   0.28800
   0.65618
   0.72195
   0.64237
   0.73514
   0.62307
   0.75153
   0.59754
   0.76955
   0.56749
   0.78543
   0.53930
   0.79506
   0.52141
   0.79853
   0.51481
   0.79930
   0.51335
   0.79943
   0.51309
   0.79945
   0.51305
   0.79945
   0.51305
   0.79946
   0.51304
   0.79946
   0.51304
   0.79946
   0.51304
   0.79946
   0.51304
   0.79946
   0.51304
   0.79946
   0.51304
   0.79946
   0.51304
   0.79946
   0.51304
   0.79946
   0.51304
   0.79946
   0.51304
   0.79946
   0.51304
   0.79946
   0.51304
   0.79946
   0.51304
   0.79946
   0.51304
   0.79946
   0.51304
   0.79946
   0.51304
   0.79946
   0.51304
   0.79946
   0.51304
   0.79946
   0.51304
   0.79946
   0.51304
   0.79946
   0.51304
   0.79946
   0.51304
   0.79946
   0.51304
   0.79946
   0.51304
   0.79946
   0.51304
   0.79946
   0.51304
   0.79946
   0.51304
   0.79946
   0.51304
   0.79946
   0.51304
   0.79946
   0.51304
   0.79946
   0.51304
   0.79946
   0.51304
   0.79946
   0.51304
   0.79946
   0.51304
   0.79946
   0.51304
   0.79946
   0.51304
   0.79946
   0.51304
   0.79946
